============================================================
 RESOURCE CONSUMPTION REPORT FOR COS-NIRI-BAR 
============================================================
Second   | CPU (%)    | Physical (MB)   | Virtual (MB)   
------------------------------------------------------------
1        | 0.00       | 113.98          | 1990.26        
2        | 0.00       | 113.98          | 1990.26        
3        | 0.00       | 113.98          | 1990.26        
4        | 0.00       | 113.98          | 1990.26        
5        | 3.00       | 113.98          | 1990.26        
6        | 10.03      | 113.98          | 1990.29        
7        | 4.00       | 113.98          | 1990.26        
8        | 7.02       | 113.98          | 1990.26        
9        | 10.02      | 113.99          | 1990.26        
10       | 10.02      | 113.99          | 1990.26        
11       | 4.00       | 114.03          | 1990.43        
12       | 13.02      | 114.66          | 1991.06        
13       | 7.01       | 114.66          | 1991.06        
14       | 5.00       | 114.73          | 1991.12        
15       | 9.01       | 114.73          | 1991.07        
------------------------------------------------------------
Idle (Min) | 0.00       | 113.98          | 1990.26        
Average  | 5.47       | 114.18          | 1990.49        
Max      | 13.02      | 114.73          | 1991.12        
============================================================
predator@fedora:~/COS_Niri$ ./monitor.py
Monitoring 'cos-niri-bar' (PID: 125362) for 15 seconds...
Please perform your UI navigation now.
...............

============================================================
 RESOURCE CONSUMPTION REPORT FOR COS-NIRI-BAR 
============================================================
Second   | CPU (%)    | Physical (MB)   | Virtual (MB)   
------------------------------------------------------------
1        | 0.00       | 114.84          | 1991.23        
2        | 0.00       | 114.84          | 1991.23        
3        | 0.00       | 114.84          | 1991.23        
4        | 0.00       | 114.84          | 1991.23        
5        | 0.00       | 114.84          | 1991.23        
6        | 0.00       | 114.84          | 1991.23        
7        | 0.00       | 114.84          | 1991.23        
8        | 0.00       | 114.84          | 1991.23        
9        | 0.00       | 114.84          | 1991.23        
10       | 0.00       | 114.84          | 1991.23        
11       | 0.00       | 114.84          | 1991.23        
12       | 0.00       | 114.84          | 1991.23        
13       | 0.00       | 114.84          | 1991.23        
14       | 0.00       | 114.84          | 1991.23        
15       | 0.00       | 114.84          | 1991.23        
------------------------------------------------------------
Idle (Min) | 0.00       | 114.84          | 1991.23        
Average  | 0.00       | 114.84          | 1991.23        
Max      | 0.00       | 114.84          | 1991.23        
============================================================
predator@fedora:~/COS_Niri$ 

